   7.4337631e-05
   6.9030893e-05
  -5.8557527e-04
   1.5631602e-03
   1.1630850e-02
   1.0366388e-03
   3.5771986e-05
   6.2723602e-05
  -5.2016172e-04
   2.3373952e-03
   1.0343419e-02
   1.1764676e-03
   6.0108925e-07
   6.0510834e-05
  -4.4077118e-04
   2.4366147e-03
   8.7845235e-03
   1.2235077e-03
  -3.3305921e-05
   6.1818903e-05
  -3.6188715e-04
   2.3189394e-03
   7.2290078e-03
   1.2351105e-03
  -6.7832947e-05
   6.6632479e-05
  -2.8873255e-04
   2.0906017e-03
   5.7613493e-03
   1.2256637e-03
  -1.0516610e-04
   7.5518538e-05
  -2.2498880e-04
   1.7562030e-03
   4.5074046e-03
   1.1769579e-03
  -1.4863806e-04
   8.9790370e-05
  -1.6651564e-04
   1.8198136e-03
   3.0718715e-03
   1.0159133e-03
  -4.8449742e-05
   2.9413741e-05
  -1.5533793e-04
   1.7872433e-03
   3.2806253e-03
   7.2825782e-04
   4.8449747e-05
  -2.9413842e-05
  -1.5533793e-04
   1.7872400e-03
   3.2806253e-03
  -7.2826125e-04
   1.4863807e-04
  -8.9790436e-05
  -1.6651565e-04
   1.8198162e-03
   3.0718715e-03
  -1.0159122e-03
   1.0516609e-04
  -7.5518574e-05
  -2.2498904e-04
   1.7562132e-03
   4.5074071e-03
  -1.1769543e-03
   6.7832943e-05
  -6.6632491e-05
  -2.8873284e-04
   2.0905928e-03
   5.7613623e-03
  -1.2256578e-03
   3.3305917e-05
  -6.1818896e-05
  -3.6188706e-04
   2.3189301e-03
   7.2290031e-03
  -1.2351025e-03
  -6.0109185e-07
  -6.0510812e-05
  -4.4077140e-04
   2.4366423e-03
   8.7845164e-03
  -1.2234982e-03
  -3.5771985e-05
  -6.2723573e-05
  -5.2016267e-04
   2.3374036e-03
   1.0343457e-02
  -1.1764571e-03
  -7.4337626e-05
  -6.9030859e-05
  -5.8557567e-04
   1.5631249e-03
   1.1630838e-02
  -1.0366278e-03
   1.3320927e-04
   2.3730023e-04
  -2.1094694e-03
   7.5587323e-03
   1.8565463e-02
   2.1070871e-03
   6.3433109e-05
   2.3275090e-04
  -1.8507289e-03
   7.9740313e-03
   1.6343849e-02
   2.0811540e-03
  -3.3455816e-06
   2.3172933e-04
  -1.5812136e-03
   8.1805975e-03
   1.3995531e-02
   2.0716812e-03
  -6.8943605e-05
   2.3390862e-04
  -1.3117830e-03
   7.9696177e-03
   1.1761235e-02
   2.0598026e-03
  -1.3517863e-04
   2.3918898e-04
  -1.0546068e-03
   7.4573474e-03
   9.5455493e-03
   2.0416792e-03
  -2.0375690e-04
   2.4755988e-04
  -8.1689141e-04
   6.8074696e-03
   7.3658476e-03
   2.0272291e-03
  -2.7588801e-04
   2.5911454e-04
  -6.0645967e-04
   5.7825079e-03
   5.7874606e-03
   2.0655162e-03
  -9.1466447e-05
   8.1913786e-05
  -5.9730131e-04
   4.9281574e-03
   5.7510258e-03
   4.9297964e-04
   9.1466453e-05
  -8.1913621e-05
  -5.9730131e-04
   4.9281649e-03
   5.7510258e-03
  -4.9297023e-04
   2.7588801e-04
  -2.5911458e-04
  -6.0645966e-04
   5.7825102e-03
   5.7874606e-03
  -2.0655144e-03
   2.0375691e-04
  -2.4755990e-04
  -8.1689132e-04
   6.8074640e-03
   7.3658409e-03
  -2.0272219e-03
   1.3517864e-04
  -2.3918898e-04
  -1.0546070e-03
   7.4573738e-03
   9.5455266e-03
  -2.0416670e-03
   6.8943607e-05
  -2.3390860e-04
  -1.3117842e-03
   7.9696467e-03
   1.1761269e-02
  -2.0597860e-03
   3.3455838e-06
  -2.3172930e-04
  -1.5812149e-03
   8.1805731e-03
   1.3995574e-02
  -2.0716611e-03
  -6.3433107e-05
  -2.3275085e-04
  -1.8507298e-03
   7.9740384e-03
   1.6343785e-02
  -2.0811319e-03
  -1.3320927e-04
  -2.3730019e-04
  -2.1094718e-03
   7.5588073e-03
   1.8565537e-02
  -2.1070641e-03
   1.7392871e-04
   4.8855270e-04
  -4.1988350e-03
   1.5132902e-02
   2.2941942e-02
   2.8606795e-03
   7.9547163e-05
   4.8626333e-04
  -3.6894829e-03
   1.5408317e-02
   2.0471348e-02
   2.7695927e-03
  -1.2338801e-05
   4.8628492e-04
  -3.1753943e-03
   1.5437266e-02
   1.7870378e-02
   2.7322422e-03
  -1.0316039e-04
   4.8878015e-04
  -2.6628661e-03
   1.5306304e-02
   1.5262889e-02
   2.7154060e-03
  -1.9432833e-04
   4.9373022e-04
  -2.1619908e-03
   1.4721268e-02
   1.2626835e-02
   2.7105209e-03
  -2.8733213e-04
   5.0098214e-04
  -1.6934176e-03
   1.3359965e-02
   1.0095745e-02
   2.7255523e-03
  -3.8381091e-04
   5.1011712e-04
  -1.2815319e-03
   1.1357800e-02
   7.9514858e-03
   2.7880944e-03
  -1.2733510e-04
   1.6053069e-04
  -1.2747071e-03
   9.6891997e-03
   7.8372587e-03
   1.0998874e-03
   1.2733512e-04
  -1.6053072e-04
  -1.2747071e-03
   9.6891940e-03
   7.8372588e-03
  -1.0999035e-03
   3.8381092e-04
  -5.1011720e-04
  -1.2815319e-03
   1.1357812e-02
   7.9514861e-03
  -2.7880918e-03
   2.8733214e-04
  -5.0098218e-04
  -1.6934183e-03
   1.3359995e-02
   1.0095766e-02
  -2.7255412e-03
   1.9432834e-04
  -4.9373023e-04
  -2.1619920e-03
   1.4721258e-02
   1.2626887e-02
  -2.7105021e-03
   1.0316040e-04
  -4.8878013e-04
  -2.6628669e-03
   1.5306298e-02
   1.5262840e-02
  -2.7153800e-03
   1.2338806e-05
  -4.8628487e-04
  -3.1753961e-03
   1.5437337e-02
   1.7870327e-02
  -2.7322097e-03
  -7.9547154e-05
  -4.8626327e-04
  -3.6894866e-03
   1.5408340e-02
   2.0471501e-02
  -2.7695570e-03
  -1.7392871e-04
  -4.8855266e-04
  -4.1988375e-03
   1.5132824e-02
   2.2941837e-02
  -2.8606442e-03
   1.9930539e-04
   8.0460916e-04
  -6.4595608e-03
   2.2524289e-02
   2.1913371e-02
   3.3872205e-03
   8.5892467e-05
   8.0358252e-04
  -5.7210582e-03
   2.1813275e-02
   2.0227201e-02
   3.2938194e-03
  -2.5697039e-05
   8.0431778e-04
  -4.9913701e-03
   2.1934684e-02
   1.8389030e-02
   3.2471544e-03
  -1.3625597e-04
   8.0696775e-04
  -4.2567700e-03
   2.2081989e-02
   1.6583726e-02
   3.2262051e-03
  -2.4685243e-04
   8.1159866e-04
  -3.5228005e-03
   2.1879544e-02
   1.4574341e-02
   3.2271240e-03
  -3.5846611e-04
   8.1816554e-04
  -2.8076271e-03
   2.0932450e-02
   1.2164920e-02
   3.2585635e-03
  -4.7229541e-04
   8.2646352e-04
  -2.1514427e-03
   1.8266010e-02
   9.6597073e-03
   3.3354529e-03
  -1.5708309e-04
   2.6192078e-04
  -2.1453201e-03
   1.5769593e-02
   9.5125801e-03
   1.0260800e-03
   1.5708312e-04
  -2.6192045e-04
  -2.1453201e-03
   1.5769605e-02
   9.5125801e-03
  -1.0260550e-03
   4.7229543e-04
  -8.2646354e-04
  -2.1514426e-03
   1.8266015e-02
   9.6597075e-03
  -3.3354492e-03
   3.5846613e-04
  -8.1816554e-04
  -2.8076271e-03
   2.0932449e-02
   1.2164885e-02
  -3.2585479e-03
   2.4685243e-04
  -8.1159864e-04
  -3.5228014e-03
   2.1879599e-02
   1.4574268e-02
  -3.2270977e-03
   1.3625597e-04
  -8.0696771e-04
  -4.2567728e-03
   2.2082035e-02
   1.6583823e-02
  -3.2261686e-03
   2.5697050e-05
  -8.0431771e-04
  -4.9913728e-03
   2.1934638e-02
   1.8389125e-02
  -3.2471073e-03
  -8.5892469e-05
  -8.0358242e-04
  -5.7210602e-03
   2.1813301e-02
   2.0226963e-02
  -3.2937659e-03
  -1.9930535e-04
  -8.0460908e-04
  -6.4595664e-03
   2.2524457e-02
   2.1913589e-02
  -3.3871710e-03
   2.1311096e-04
   1.1716196e-03
  -7.8802084e-03
   2.3343030e-02
   6.3553850e-03
   3.8277207e-03
   8.4597995e-05
   1.1712308e-03
  -7.0997755e-03
   2.3471015e-02
   7.2175604e-03
   3.7279066e-03
  -4.1832860e-05
   1.1719045e-03
  -6.3173323e-03
   2.3488468e-02
   8.0477405e-03
   3.6748814e-03
  -1.6793426e-04
   1.1738026e-03
  -5.5339416e-03
   2.3528039e-02
   8.8777063e-03
   3.6519130e-03
  -2.9403598e-04
   1.1769324e-03
  -4.7488132e-03
   2.3591562e-02
   9.8937472e-03
   3.6465482e-03
  -4.2044942e-04
   1.1811317e-03
  -3.9618955e-03
   2.3616281e-02
   1.0752725e-02
   3.6593552e-03
  -5.4665586e-04
   1.1861763e-03
  -3.1735808e-03
   2.3739409e-02
   1.1025072e-02
   3.7104948e-03
  -1.8198224e-04
   3.9468633e-04
  -3.1703849e-03
   2.3706929e-02
   1.0920415e-02
   1.6292264e-03
   1.8198227e-04
  -3.9468650e-04
  -3.1703849e-03
   2.3706929e-02
   1.0920415e-02
  -1.6292669e-03
   5.4665592e-04
  -1.1861765e-03
  -3.1735808e-03
   2.3739411e-02
   1.1025072e-02
  -3.7104953e-03
   4.2044944e-04
  -1.1811319e-03
  -3.9618956e-03
   2.3616286e-02
   1.0752761e-02
  -3.6593384e-03
   2.9403600e-04
  -1.1769324e-03
  -4.7488134e-03
   2.3591555e-02
   9.8938315e-03
  -3.6465152e-03
   1.6793420e-04
  -1.1738026e-03
  -5.5339413e-03
   2.3528026e-02
   8.8775329e-03
  -3.6518644e-03
   4.1832837e-05
  -1.1719044e-03
  -6.3173321e-03
   2.3488485e-02
   8.0475430e-03
  -3.6748181e-03
  -8.4597841e-05
  -1.1712306e-03
  -7.0997761e-03
   2.3471019e-02
   7.2178559e-03
  -3.7278302e-03
  -2.1311088e-04
  -1.1716192e-03
  -7.8802074e-03
   2.3342955e-02
   6.3549455e-03
  -3.8276449e-03
   2.3288597e-04
   1.5802147e-03
  -9.8503606e-03
   2.6002880e-02
   3.2812224e-02
   4.1905026e-03
   9.0517487e-05
   1.5791964e-03
  -8.9590870e-03
   2.7433365e-02
   2.9798514e-02
   4.1532330e-03
  -5.0868081e-05
   1.5793302e-03
  -8.0445075e-03
   2.7478712e-02
   2.6392267e-02
   4.1272123e-03
  -1.9162418e-04
   1.5806636e-03
  -7.1334010e-03
   2.7260007e-02
   2.3030321e-02
   4.1139130e-03
  -3.3253791e-04
   1.5832192e-03
  -6.2263861e-03
   2.7250225e-02
   1.9606975e-02
   4.1132078e-03
  -4.7435777e-04
   1.5871003e-03
  -5.3089433e-03
   2.7920865e-02
   1.6028180e-02
   4.1195907e-03
  -6.1801490e-04
   1.5925278e-03
  -4.3414307e-03
   3.0296599e-02
   1.2584156e-02
   4.1208563e-03
  -2.0572826e-04
   5.4339095e-04
  -4.3373327e-03
   3.2543732e-02
   1.2535263e-02
   1.4073699e-03
   2.0572828e-04
  -5.4339235e-04
  -4.3373327e-03
   3.2543736e-02
   1.2535263e-02
  -1.4073485e-03
   6.1801493e-04
  -1.5925281e-03
  -4.3414306e-03
   3.0296515e-02
   1.2584154e-02
  -4.1208462e-03
   4.7435779e-04
  -1.5871005e-03
  -5.3089395e-03
   2.7920742e-02
   1.6028067e-02
  -4.1195516e-03
   3.3253792e-04
  -1.5832193e-03
  -6.2263810e-03
   2.7250276e-02
   1.9606735e-02
  -4.1131331e-03
   1.9162422e-04
  -1.5806634e-03
  -7.1333966e-03
   2.7259950e-02
   2.3030447e-02
  -4.1138004e-03
   5.0868165e-05
  -1.5793299e-03
  -8.0444946e-03
   2.7478272e-02
   2.6392302e-02
  -4.1270679e-03
  -9.0517373e-05
  -1.5791959e-03
  -8.9590631e-03
   2.7433244e-02
   2.9797543e-02
  -4.1530616e-03
  -2.3288578e-04
  -1.5802140e-03
  -9.8503437e-03
   2.6003327e-02
   3.2812550e-02
  -4.1903105e-03
   2.4631597e-04
   2.0294129e-03
  -1.3586239e-02
   3.9219218e-02
   4.1287112e-02
   4.5644021e-03
   9.1441017e-05
   2.0290202e-03
  -1.2275224e-02
   3.9463220e-02
   3.6666424e-02
   4.5217134e-03
  -6.1750648e-05
   2.0296798e-03
  -1.0956068e-02
   3.9669178e-02
   3.1757558e-02
   4.4921076e-03
  -2.1440543e-04
   2.0313109e-03
  -9.6351797e-03
   3.9576880e-02
   2.6973259e-02
   4.4785192e-03
  -3.6755913e-04
   2.0339141e-03
  -8.3168951e-03
   3.9535262e-02
   2.2201236e-02
   4.4772986e-03
  -5.2235086e-04
   2.0375563e-03
  -6.9935325e-03
   3.9885371e-02
   1.7635615e-02
   4.4828789e-03
  -6.8009130e-04
   2.0423808e-03
  -5.6529974e-03
   4.0541983e-02
   1.3949819e-02
   4.4871584e-03
  -2.2619562e-04
   6.8324994e-04
  -5.6491697e-03
   4.0986688e-02
   1.3869241e-02
   1.5336905e-03
   2.2619568e-04
  -6.8325323e-04
  -5.6491698e-03
   4.0986609e-02
   1.3869241e-02
  -1.5337621e-03
   6.8009133e-04
  -2.0423812e-03
  -5.6529976e-03
   4.0541905e-02
   1.3949819e-02
  -4.4871475e-03
   5.2235092e-04
  -2.0375566e-03
  -6.9935294e-03
   3.9885222e-02
   1.7635739e-02
  -4.4828269e-03
   3.6755920e-04
  -2.0339142e-03
  -8.3168808e-03
   3.9534738e-02
   2.2201354e-02
  -4.4771901e-03
   2.1440551e-04
  -2.0313106e-03
  -9.6351487e-03
   3.9576481e-02
   2.6972560e-02
  -4.4783396e-03
   6.1750786e-05
  -2.0296792e-03
  -1.0956034e-02
   3.9669343e-02
   3.1756966e-02
  -4.4918611e-03
  -9.1440759e-05
  -2.0290196e-03
  -1.2275188e-02
   3.9462780e-02
   3.6667404e-02
  -4.5214421e-03
  -2.4631569e-04
  -2.0294116e-03
  -1.3586169e-02
   3.9217809e-02
   4.1285449e-02
  -4.5640516e-03
   2.4955696e-04
   2.5098338e-03
  -1.7828051e-02
   5.4264043e-02
   4.2988438e-02
   4.7968336e-03
   8.6408008e-05
   2.5104060e-03
  -1.6018201e-02
   5.4300838e-02
   3.8279693e-02
   4.7546838e-03
  -7.5223682e-05
   2.5116918e-03
  -1.4209713e-02
   5.4220502e-02
   3.3283858e-02
   4.7279301e-03
  -2.3635404e-04
   2.5137524e-03
  -1.2401924e-02
   5.4246462e-02
   2.8370157e-02
   4.7159677e-03
  -3.9793601e-04
   2.5165806e-03
  -1.0597956e-02
   5.3967436e-02
   2.3453315e-02
   4.7148726e-03
  -5.6106959e-04
   2.5201069e-03
  -8.8149362e-03
   5.2983872e-02
   1.8716902e-02
   4.7205584e-03
  -7.2704680e-04
   2.5241882e-03
  -7.0756524e-03
   5.1372719e-02
   1.4892170e-02
   4.7266646e-03
  -2.4185315e-04
   8.3424114e-04
  -7.0729458e-03
   5.0088890e-02
   1.4799069e-02
   1.6422825e-03
   2.4185328e-04
  -8.3424674e-04
  -7.0729458e-03
   5.0088850e-02
   1.4799070e-02
  -1.6422451e-03
   7.2704691e-04
  -2.5241882e-03
  -7.0756522e-03
   5.1372397e-02
   1.4892166e-02
  -4.7266565e-03
   5.6106969e-04
  -2.5201070e-03
  -8.8149226e-03
   5.2983431e-02
   1.8716567e-02
  -4.7205149e-03
   3.9793607e-04
  -2.5165807e-03
  -1.0597933e-02
   5.3967303e-02
   2.3452930e-02
  -4.7147529e-03
   2.3635409e-04
  -2.5137521e-03
  -1.2401891e-02
   5.4245919e-02
   2.8370887e-02
  -4.7157271e-03
   7.5223773e-05
  -2.5116907e-03
  -1.4209646e-02
   5.4219083e-02
   3.3284001e-02
  -4.7275566e-03
  -8.6407700e-05
  -2.5104045e-03
  -1.6018100e-02
   5.4300448e-02
   3.8277009e-02
  -4.7542710e-03
  -2.4955630e-04
  -2.5098324e-03
  -1.7827969e-02
   5.4265240e-02
   4.2990322e-02
  -4.7962771e-03
   2.4360303e-04
   3.0088073e-03
  -2.1855443e-02
   6.7933714e-02
   3.6915336e-02
   4.9047616e-03
   7.5883812e-05
   3.0098733e-03
  -1.9614727e-02
   6.6554293e-02
   3.3789939e-02
   4.8672617e-03
  -9.1130132e-05
   3.0115425e-03
  -1.7393974e-02
   6.6643568e-02
   3.0309192e-02
   4.8458831e-03
  -2.5758234e-04
   3.0137789e-03
  -1.5166219e-02
   6.6935110e-02
   2.6876708e-02
   4.8329329e-03
  -4.2406354e-04
   3.0166098e-03
  -1.2934308e-02
   6.6869062e-02
   2.3267711e-02
   4.8291426e-03
  -5.9105401e-04
   3.0199768e-03
  -1.0719738e-02
   6.5857520e-02
   1.9340198e-02
   4.8377258e-03
  -7.5928784e-04
   3.0237151e-03
  -8.5747249e-03
   6.2620607e-02
   1.5428206e-02
   4.8647469e-03
  -2.5291893e-04
   9.9083439e-04
  -8.5720949e-03
   5.9526999e-02
   1.5326619e-02
   1.6335452e-03
   2.5291921e-04
  -9.9084189e-04
  -8.5720949e-03
   5.9526853e-02
   1.5326625e-02
  -1.6336373e-03
   7.5928807e-04
  -3.0237155e-03
  -8.5747251e-03
   6.2620347e-02
   1.5428211e-02
  -4.8647538e-03
   5.9105423e-04
  -3.0199775e-03
  -1.0719726e-02
   6.5857009e-02
   1.9340578e-02
  -4.8377359e-03
   4.2406364e-04
  -3.0166107e-03
  -1.2934270e-02
   6.6868055e-02
   2.3267938e-02
  -4.8290758e-03
   2.5758218e-04
  -3.0137791e-03
  -1.5166154e-02
   6.6934610e-02
   2.6875219e-02
  -4.8326812e-03
   9.1130093e-05
  -3.0115411e-03
  -1.7393909e-02
   6.6643944e-02
   3.0308781e-02
  -4.8453621e-03
  -7.5883385e-05
  -3.0098685e-03
  -1.9614651e-02
   6.6552935e-02
   3.3793813e-02
  -4.8664889e-03
  -2.4360294e-04
  -3.0088085e-03
  -2.1855274e-02
   6.7929876e-02
   3.6910928e-02
  -4.9041710e-03
   2.3282462e-04
   3.5190583e-03
  -2.4206212e-02
   7.0335395e-02
   9.8456358e-03
   5.0445869e-03
   6.1759948e-05
   3.5195824e-03
  -2.1860369e-02
   7.0410533e-02
   1.0930485e-02
   4.9612132e-03
  -1.0777310e-04
   3.5203891e-03
  -1.9513176e-02
   7.0426139e-02
   1.1955075e-02
   4.9212248e-03
  -2.7748633e-04
   3.5215357e-03
  -1.7165345e-02
   7.0448448e-02
   1.2998971e-02
   4.9014137e-03
  -4.4713009e-04
   3.5230168e-03
  -1.4816660e-02
   7.0477106e-02
   1.4312729e-02
   4.8869144e-03
  -6.1642467e-04
   3.5247758e-03
  -1.2467154e-02
   7.0491196e-02
   1.5397553e-02
   4.8784067e-03
  -7.8400125e-04
   3.5267243e-03
  -1.0116965e-02
   7.0540255e-02
   1.5757048e-02
   4.9073340e-03
  -2.6126145e-04
   1.1753384e-03
  -1.0115777e-02
   7.0527950e-02
   1.5666762e-02
   2.1114251e-03
   2.6126141e-04
  -1.1753394e-03
  -1.0115777e-02
   7.0527973e-02
   1.5666768e-02
  -2.1111760e-03
   7.8400177e-04
  -3.5267253e-03
  -1.0116965e-02
   7.0540211e-02
   1.5757060e-02
  -4.9073895e-03
   6.1642510e-04
  -3.5247779e-03
  -1.2467151e-02
   7.0491142e-02
   1.5397327e-02
  -4.8785630e-03
   4.4713066e-04
  -3.5230196e-03
  -1.4816658e-02
   7.0477234e-02
   1.4313056e-02
  -4.8870578e-03
   2.7748736e-04
  -3.5215373e-03
  -1.7165350e-02
   7.0448604e-02
   1.3002082e-02
  -4.9013096e-03
   1.0777288e-04
  -3.5203863e-03
  -1.9513178e-02
   7.0425890e-02
   1.1957271e-02
  -4.9205234e-03
  -6.1761810e-05
  -3.5195714e-03
  -2.1860358e-02
   7.0410420e-02
   1.0926688e-02
  -4.9594751e-03
  -2.3282255e-04
  -3.5190602e-03
  -2.4206230e-02
   7.0336705e-02
   9.8552646e-03
  -5.0443079e-03
   2.3823792e-04
   4.0397293e-03
  -2.6754507e-02
   7.3490100e-02
   4.0830631e-02
   5.1288672e-03
   6.2776494e-05
   4.0395740e-03
  -2.4276965e-02
   7.5113800e-02
   3.7196051e-02
   5.1025825e-03
  -1.1231032e-04
   4.0396157e-03
  -2.1774464e-02
   7.5085301e-02
   3.3143602e-02
   5.0885681e-03
  -2.8699698e-04
   4.0399089e-03
  -1.9278319e-02
   7.4775466e-02
   2.9156921e-02
   5.0793145e-03
  -4.6177310e-04
   4.0404552e-03
  -1.6787848e-02
   7.4765926e-02
   2.5047893e-02
   5.0747237e-03
  -6.3704583e-04
   4.0413483e-03
  -1.4283511e-02
   7.5648234e-02
   2.0715326e-02
   5.0733124e-03
  -8.1347274e-04
   4.0427926e-03
  -1.1713392e-02
   7.8785067e-02
   1.6514246e-02
   5.0718650e-03
  -2.7100064e-04
   1.3641020e-03
  -1.1712237e-02
   8.1771839e-02
   1.6449330e-02
   1.7212916e-03
   2.7099807e-04
  -1.3640809e-03
  -1.1712237e-02
   8.1772140e-02
   1.6449344e-02
  -1.7211373e-03
   8.1347066e-04
  -4.0427962e-03
  -1.1713392e-02
   7.8786310e-02
   1.6514303e-02
  -5.0719309e-03
   6.3704576e-04
  -4.0413547e-03
  -1.4283559e-02
   7.5649813e-02
   2.0716661e-02
  -5.0737111e-03
   4.6177571e-04
  -4.0404638e-03
  -1.6787947e-02
   7.4767508e-02
   2.5049932e-02
  -5.0752588e-03
   2.8700179e-04
  -4.0399172e-03
  -1.9278528e-02
   7.4780918e-02
   2.9157407e-02
  -5.0794555e-03
   1.1231526e-04
  -4.0396178e-03
  -2.1774928e-02
   7.5094556e-02
   3.3149698e-02
  -5.0873388e-03
  -6.2772612e-05
  -4.0395605e-03
  -2.4277600e-02
   7.5113777e-02
   3.7215585e-02
  -5.0986314e-03
  -2.3823852e-04
  -4.0396873e-03
  -2.6754991e-02
   7.3482586e-02
   4.0826726e-02
  -5.1264700e-03
   2.4061062e-04
   4.5746207e-03
  -3.1313250e-02
   8.9283995e-02
   4.9605003e-02
   5.2513546e-03
   6.0972684e-05
   4.5749119e-03
  -2.8334788e-02
   8.9447605e-02
   4.4128285e-02
   5.2303414e-03
  -1.1740984e-04
   4.5753208e-03
  -2.5350281e-02
   8.9603435e-02
   3.8273933e-02
   5.2142098e-03
  -2.9548666e-04
   4.5759040e-03
  -2.2365872e-02
   8.9453541e-02
   3.2553944e-02
   5.2084055e-03
  -4.7409153e-04
   4.5766371e-03
  -1.9384679e-02
   8.9440133e-02
   2.6885443e-02
   5.2069356e-03
  -6.5419197e-04
   4.5775861e-03
  -1.6394279e-02
   9.0011820e-02
   2.1470531e-02
   5.2037844e-03
  -8.3698281e-04
   4.5788921e-03
  -1.3376662e-02
   9.1036062e-02
   1.7117725e-02
   5.1890083e-03
  -2.7853344e-04
   1.5307845e-03
  -1.3375435e-02
   9.1822074e-02
   1.7036803e-02
   1.7950059e-03
   2.7852717e-04
  -1.5306927e-03
  -1.3375434e-02
   9.1823488e-02
   1.7036802e-02
  -1.7936526e-03
   8.3697572e-04
  -4.5788861e-03
  -1.3376660e-02
   9.1039667e-02
   1.7117735e-02
  -5.1891503e-03
   6.5419007e-04
  -4.5775835e-03
  -1.6394445e-02
   9.0018395e-02
   2.1471462e-02
  -5.2046188e-03
   4.7409399e-04
  -4.5766378e-03
  -1.9385122e-02
   8.9449932e-02
   2.6889896e-02
  -5.2082058e-03
   2.9549606e-04
  -4.5759099e-03
  -2.2366602e-02
   8.9460468e-02
   3.2564476e-02
  -5.2094803e-03
   1.1743018e-04
  -4.5753326e-03
  -2.5351199e-02
   8.9608757e-02
   3.8278322e-02
  -5.2138035e-03
  -6.0953186e-05
  -4.5749246e-03
  -2.8336227e-02
   8.9475080e-02
   4.4120944e-02
  -5.2262308e-03
  -2.4057032e-04
  -4.5744171e-03
  -3.1315724e-02
   8.9316115e-02
   4.9653258e-02
  -5.2356289e-03
   2.3539874e-04
   5.1171818e-03
  -3.6329610e-02
   1.0706339e-01
   5.0060400e-02
   5.2461717e-03
   5.4983267e-05
   5.1182809e-03
  -3.2762547e-02
   1.0694256e-01
   4.4527240e-02
   5.2438479e-03
  -1.2433699e-04
   5.1192448e-03
  -2.9200780e-02
   1.0677705e-01
   3.8698310e-02
   5.2285147e-03
  -3.0338458e-04
   5.1203713e-03
  -2.5641328e-02
   1.0679018e-01
   3.2968485e-02
   5.2282291e-03
  -4.8287222e-04
   5.1215812e-03
  -2.2086342e-02
   1.0647556e-01
   2.7188113e-02
   5.2311245e-03
  -6.6376205e-04
   5.1227454e-03
  -1.8555748e-02
   1.0531984e-01
   2.1673010e-02
   5.2306151e-03
  -8.4722155e-04
   5.1236719e-03
  -1.5076027e-02
   1.0346457e-01
   1.7314213e-02
   5.2169987e-03
  -2.8194841e-04
   1.6997564e-03
  -1.5075876e-02
   1.0202285e-01
   1.7234870e-02
   1.7552432e-03
   2.8192698e-04
  -1.6997784e-03
  -1.5075875e-02
   1.0202186e-01
   1.7234927e-02
  -1.7587565e-03
   8.4721173e-04
  -5.1236594e-03
  -1.5076021e-02
   1.0346376e-01
   1.7314240e-02
  -5.2177452e-03
   6.6376524e-04
  -5.1227374e-03
  -1.8555782e-02
   1.0532327e-01
   2.1669573e-02
  -5.2325522e-03
   4.8288373e-04
  -5.1215750e-03
  -2.2086655e-02
   1.0648935e-01
   2.7181560e-02
  -5.2341465e-03
   3.0339339e-04
  -5.1203718e-03
  -2.5642416e-02
   1.0682362e-01
   3.2964405e-02
  -5.2322466e-03
   1.2435257e-04
  -5.1192519e-03
  -2.9203143e-02
   1.0681853e-01
   3.8720668e-02
  -5.2324093e-03
  -5.4870751e-05
  -5.1182635e-03
  -3.2765619e-02
   1.0694180e-01
   4.4574222e-02
  -5.2449184e-03
  -2.3534089e-04
  -5.1167778e-03
  -3.6333074e-02
   1.0709038e-01
   5.0022650e-02
  -5.1952870e-03
   2.2397880e-04
   5.6573611e-03
  -4.0914525e-02
   1.2274824e-01
   4.0886385e-02
   5.1493750e-03
   4.5396996e-05
   5.6582559e-03
  -3.6851926e-02
   1.2101524e-01
   3.7420745e-02
   5.1550390e-03
  -1.3317972e-04
   5.6596284e-03
  -3.2817994e-02
   1.2097213e-01
   3.3535843e-02
   5.1473322e-03
  -3.1119655e-04
   5.6609696e-03
  -2.8778897e-02
   1.2126898e-01
   2.9731082e-02
   5.1463467e-03
  -4.8880495e-04
   5.6624066e-03
  -2.4736269e-02
   1.2116043e-01
   2.5800166e-02
   5.1506855e-03
  -6.6616652e-04
   5.6637483e-03
  -2.0715080e-02
   1.1993641e-01
   2.1491293e-02
   5.1619248e-03
  -8.4421986e-04
   5.6645967e-03
  -1.6779111e-02
   1.1595317e-01
   1.7092721e-02
   5.1781967e-03
  -2.8124298e-04
   1.8672344e-03
  -1.6778662e-02
   1.1214273e-01
   1.7026863e-02
   1.7728042e-03
   2.8116588e-04
  -1.8672300e-03
  -1.6778661e-02
   1.1214341e-01
   1.7027216e-02
  -1.7682679e-03
   8.4415949e-04
  -5.6645880e-03
  -1.6779103e-02
   1.1595193e-01
   1.7093387e-02
  -5.1784452e-03
   6.6617446e-04
  -5.6637658e-03
  -2.0715002e-02
   1.1993373e-01
   2.1492192e-02
  -5.1653959e-03
   4.8891339e-04
  -5.6624351e-03
  -2.4736220e-02
   1.2116483e-01
   2.5799493e-02
  -5.1585037e-03
   3.1138639e-04
  -5.6609519e-03
  -2.8779361e-02
   1.2129484e-01
   2.9724259e-02
  -5.1590386e-03
   1.3331298e-04
  -5.6594492e-03
  -3.2820379e-02
   1.2106375e-01
   3.3518043e-02
  -5.1584286e-03
  -4.5630928e-05
  -5.6578088e-03
  -3.6859478e-02
   1.2123344e-01
   3.7451716e-02
  -5.1441739e-03
  -2.2396982e-04
  -5.6576871e-03
  -4.0925942e-02
   1.2276267e-01
   4.1096942e-02
  -5.0782567e-03
   2.1235412e-04
   6.1944457e-03
  -4.3212143e-02
   1.2450494e-01
   4.8070038e-03
   5.2787769e-03
   3.4656589e-05
   6.1924564e-03
  -3.9076741e-02
   1.2379585e-01
   6.8185756e-03
   5.1123529e-03
  -1.4116666e-04
   6.1921573e-03
  -3.4948449e-02
   1.2386516e-01
   8.9202889e-03
   5.1123377e-03
  -3.1748523e-04
   6.1907906e-03
  -3.0820523e-02
   1.2379062e-01
   1.0975523e-02
   5.0897657e-03
  -4.9326273e-04
   6.1886603e-03
  -2.6694940e-02
   1.2371285e-01
   1.3282696e-02
   5.0378976e-03
  -6.6700373e-04
   6.1859076e-03
  -2.2572485e-02
   1.2358903e-01
   1.5412953e-02
   4.9421688e-03
  -8.3579654e-04
   6.1832496e-03
  -1.8454058e-02
   1.2347822e-01
   1.6735063e-02
   4.8596218e-03
  -2.7884720e-04
   2.0620810e-03
  -1.8453358e-02
   1.2363541e-01
   1.6619866e-02
   2.1571751e-03
   2.7872863e-04
  -2.0616162e-03
  -1.8453321e-02
   1.2363710e-01
   1.6618254e-02
  -2.1525935e-03
   8.3559055e-04
  -6.1828513e-03
  -1.8453978e-02
   1.2348004e-01
   1.6731921e-02
  -4.8537961e-03
   6.6690359e-04
  -6.1855088e-03
  -2.2572390e-02
   1.2358726e-01
   1.5411869e-02
  -4.9384272e-03
   4.9322870e-04
  -6.1882445e-03
  -2.6694680e-02
   1.2370658e-01
   1.3278394e-02
  -5.0303435e-03
   3.1758282e-04
  -6.1904437e-03
  -3.0819898e-02
   1.2378007e-01
   1.0959559e-02
  -5.0705758e-03
   1.4141653e-04
  -6.1924549e-03
  -3.4947668e-02
   1.2387073e-01
   8.8676009e-03
  -5.0874823e-03
  -3.4706901e-05
  -6.1947814e-03
  -3.9078122e-02
   1.2393409e-01
   6.6997606e-03
  -5.1248309e-03
  -2.1662105e-04
  -6.2031175e-03
  -4.3238523e-02
   1.2583484e-01
   4.8461811e-03
  -5.6010662e-03
   1.5770927e-04
   3.9053306e-04
  -7.8806970e-03
   2.3454845e-02
  -8.7918744e-03
   2.5692174e-03
   9.7429529e-05
   3.9073426e-04
  -7.0993920e-03
   2.3480232e-02
  -5.6709424e-03
   1.2593271e-03
   4.4901670e-05
   3.9089461e-04
  -6.3175084e-03
   2.3526024e-02
  -2.3662630e-03
   1.7543506e-03
  -1.1954407e-05
   3.9153938e-04
  -5.5344586e-03
   2.3565483e-02
   9.0320519e-04
   1.6162390e-03
  -6.5552333e-05
   3.9263743e-04
  -4.7497607e-03
   2.3600877e-02
   4.0978948e-03
   1.5762334e-03
  -1.2195308e-04
   3.9419027e-04
  -3.9627639e-03
   2.3621449e-02
   7.3766336e-03
   1.8002714e-03
  -1.5770569e-04
  -3.9053320e-04
  -7.8806969e-03
   2.3454850e-02
  -8.7917405e-03
  -2.5690552e-03
  -9.7429526e-05
  -3.9073434e-04
  -7.0993921e-03
   2.3480229e-02
  -5.6711364e-03
  -1.2593255e-03
  -4.4900268e-05
  -3.9089456e-04
  -6.3175084e-03
   2.3526026e-02
  -2.3661960e-03
  -1.7544357e-03
   1.1956432e-05
  -3.9153945e-04
  -5.5344585e-03
   2.3565481e-02
   9.0323308e-04
  -1.6162087e-03
   6.5552372e-05
  -3.9263757e-04
  -4.7497608e-03
   2.3600875e-02
   4.0978365e-03
  -1.5761772e-03
   1.2195224e-04
  -3.9419040e-04
  -3.9627639e-03
   2.3621449e-02
   7.3766457e-03
  -1.8002831e-03
   1.9603907e-04
   1.1732719e-03
  -2.4206730e-02
   7.0420888e-02
  -1.0852400e-02
   3.4725714e-03
   1.1504304e-04
   1.1733709e-03
  -2.1860296e-02
   7.0419205e-02
  -6.6652153e-03
   1.6917032e-03
   4.4062581e-05
   1.1735421e-03
  -1.9513343e-02
   7.0439762e-02
  -2.1978291e-03
   2.3857095e-03
  -3.3083632e-05
   1.1739197e-03
  -1.7165628e-02
   7.0459200e-02
   2.2348177e-03
   2.1937805e-03
  -1.0560483e-04
   1.1744363e-03
  -1.4817069e-02
   7.0477379e-02
   6.5552479e-03
   2.1310651e-03
  -1.8169035e-04
   1.1750856e-03
  -1.2467489e-02
   7.0490398e-02
   1.0978760e-02
   2.4247995e-03
  -1.9613001e-04
  -1.1732623e-03
  -2.4206729e-02
   7.0420583e-02
  -1.0854823e-02
  -3.4761289e-03
  -1.1505615e-04
  -1.1733648e-03
  -2.1860294e-02
   7.0419345e-02
  -6.6620724e-03
  -1.6927874e-03
  -4.4086729e-05
  -1.1735393e-03
  -1.9513344e-02
   7.0439713e-02
  -2.1981430e-03
  -2.3847355e-03
   3.3040880e-05
  -1.1739179e-03
  -1.7165629e-02
   7.0459206e-02
   2.2346435e-03
  -2.1939253e-03
   1.0558285e-04
  -1.1744352e-03
  -1.4817069e-02
   7.0477397e-02
   6.5560460e-03
  -2.1319728e-03
   1.8168986e-04
  -1.1750859e-03
  -1.2467488e-02
   7.0490396e-02
   1.0978996e-02
  -2.4250676e-03
   1.4363186e-04
   2.0651967e-03
  -4.3208916e-02
   1.2378764e-01
  -8.0101843e-03
   2.8504286e-03
   7.0270840e-05
   2.0650490e-03
  -3.9079329e-02
   1.2397571e-01
  -4.0718776e-03
   1.7620730e-03
   3.1182531e-06
   2.0651395e-03
  -3.4948781e-02
   1.2385227e-01
   1.5516204e-04
   2.2079286e-03
  -6.8503517e-05
   2.0640102e-03
  -3.0820428e-02
   1.2377416e-01
   4.3035171e-03
   2.1013742e-03
  -1.3689167e-04
   2.0630751e-03
  -2.6694912e-02
   1.2370301e-01
   8.3433501e-03
   2.0471111e-03
  -2.0597983e-04
   2.0624055e-03
  -2.2572621e-02
   1.2363798e-01
   1.2446386e-02
   2.1478196e-03
  -1.4638507e-04
  -2.0624793e-03
  -4.3214357e-02
   1.2380512e-01
  -8.1014908e-03
  -2.9656822e-03
  -6.9320631e-05
  -2.0608880e-03
  -3.9080548e-02
   1.2409692e-01
  -4.0448612e-03
  -1.8435468e-03
  -1.3642608e-06
  -2.0628479e-03
  -3.4948187e-02
   1.2387309e-01
   1.2729941e-04
  -2.1873712e-03
   6.9256429e-05
  -2.0628850e-03
  -3.0820129e-02
   1.2378341e-01
   4.2833720e-03
  -2.0734141e-03
   1.3697941e-04
  -2.0624047e-03
  -2.6694791e-02
   1.2370502e-01
   8.3403689e-03
  -2.0389839e-03
   2.0592563e-04
  -2.0618890e-03
  -2.2572577e-02
   1.2363855e-01
   1.2444943e-02
  -2.1482442e-03
