  -5.4665586e-04
   1.1861763e-03
  -3.1735808e-03
   2.3739409e-02
   1.1025072e-02
   3.7104948e-03
  -1.8198224e-04
   3.9468633e-04
  -3.1703849e-03
   2.3706929e-02
   1.0920415e-02
   1.6292264e-03
   1.8198227e-04
  -3.9468650e-04
  -3.1703849e-03
   2.3706929e-02
   1.0920415e-02
  -1.6292669e-03
   5.4665592e-04
  -1.1861765e-03
  -3.1735808e-03
   2.3739411e-02
   1.1025072e-02
  -3.7104953e-03
  -6.1801490e-04
   1.5925278e-03
  -4.3414307e-03
   3.0296599e-02
   1.2584156e-02
   4.1208563e-03
   6.1801493e-04
  -1.5925281e-03
  -4.3414306e-03
   3.0296515e-02
   1.2584154e-02
  -4.1208462e-03
  -6.8009130e-04
   2.0423808e-03
  -5.6529974e-03
   4.0541983e-02
   1.3949819e-02
   4.4871584e-03
   6.8009133e-04
  -2.0423812e-03
  -5.6529976e-03
   4.0541905e-02
   1.3949819e-02
  -4.4871475e-03
  -7.2704680e-04
   2.5241882e-03
  -7.0756524e-03
   5.1372719e-02
   1.4892170e-02
   4.7266646e-03
   7.2704691e-04
  -2.5241882e-03
  -7.0756522e-03
   5.1372397e-02
   1.4892166e-02
  -4.7266565e-03
  -7.5928784e-04
   3.0237151e-03
  -8.5747249e-03
   6.2620607e-02
   1.5428206e-02
   4.8647469e-03
   7.5928807e-04
  -3.0237155e-03
  -8.5747251e-03
   6.2620347e-02
   1.5428211e-02
  -4.8647538e-03
   2.3282462e-04
   3.5190583e-03
  -2.4206212e-02
   7.0335395e-02
   9.8456358e-03
   5.0445869e-03
   6.1759948e-05
   3.5195824e-03
  -2.1860369e-02
   7.0410533e-02
   1.0930485e-02
   4.9612132e-03
  -1.0777310e-04
   3.5203891e-03
  -1.9513176e-02
   7.0426139e-02
   1.1955075e-02
   4.9212248e-03
  -2.7748633e-04
   3.5215357e-03
  -1.7165345e-02
   7.0448448e-02
   1.2998971e-02
   4.9014137e-03
  -4.4713009e-04
   3.5230168e-03
  -1.4816660e-02
   7.0477106e-02
   1.4312729e-02
   4.8869144e-03
  -6.1642467e-04
   3.5247758e-03
  -1.2467154e-02
   7.0491196e-02
   1.5397553e-02
   4.8784067e-03
  -7.8400125e-04
   3.5267243e-03
  -1.0116965e-02
   7.0540255e-02
   1.5757048e-02
   4.9073340e-03
  -2.6126145e-04
   1.1753384e-03
  -1.0115777e-02
   7.0527950e-02
   1.5666762e-02
   2.1114251e-03
   2.6126141e-04
  -1.1753394e-03
  -1.0115777e-02
   7.0527973e-02
   1.5666768e-02
  -2.1111760e-03
   7.8400177e-04
  -3.5267253e-03
  -1.0116965e-02
   7.0540211e-02
   1.5757060e-02
  -4.9073895e-03
  -8.1347274e-04
   4.0427926e-03
  -1.1713392e-02
   7.8785067e-02
   1.6514246e-02
   5.0718650e-03
  -8.3698281e-04
   4.5788921e-03
  -1.3376662e-02
   9.1036062e-02
   1.7117725e-02
   5.1890083e-03
  -8.4722155e-04
   5.1236719e-03
  -1.5076027e-02
   1.0346457e-01
   1.7314213e-02
   5.2169987e-03
  -8.4421986e-04
   5.6645967e-03
  -1.6779111e-02
   1.1595317e-01
   1.7092721e-02
   5.1781967e-03
   2.1235412e-04
   6.1944457e-03
  -4.3212143e-02
   1.2450494e-01
   4.8070038e-03
   5.2787769e-03
   3.4656589e-05
   6.1924564e-03
  -3.9076741e-02
   1.2379585e-01
   6.8185756e-03
   5.1123529e-03
  -1.4116666e-04
   6.1921573e-03
  -3.4948449e-02
   1.2386516e-01
   8.9202889e-03
   5.1123377e-03
  -3.1748523e-04
   6.1907906e-03
  -3.0820523e-02
   1.2379062e-01
   1.0975523e-02
   5.0897657e-03
  -4.9326273e-04
   6.1886603e-03
  -2.6694940e-02
   1.2371285e-01
   1.3282696e-02
   5.0378976e-03
  -6.6700373e-04
   6.1859076e-03
  -2.2572485e-02
   1.2358903e-01
   1.5412953e-02
   4.9421688e-03
  -8.3579654e-04
   6.1832496e-03
  -1.8454058e-02
   1.2347822e-01
   1.6735063e-02
   4.8596218e-03
